0.001135
1.922854
0.007152
0.000826
0.112103
0.073584
0.115650
0.001540
0.000650
7.942540
2.267419
1.838730
0.045652
4.438920
0.001921
0.021599
0.057095
0.004426
3.934587
4.187279
0.133358
0.001271
1.838454
0.105542
1.565409
1.839867
3.042053
0.000953
0.001171
0.158249
1.951469
0.000660
0.000973
0.197950
0.000837
0.048806
0.000817
0.049528
0.000922
1.333866
0.012951
0.010075
0.448898
3.000754
0.005844
0.124480
0.001245
0.334923
0.001084
0.000963
0.001189
0.001434
0.035977
0.005775
2.077953
0.005936
4.027373
0.002782
1.254508
0.001041
0.002250
0.061800
4.532640
0.000874
0.045002
0.000813
0.002176
0.001119
2.124659
2.262932
0.091772
3.776151
1.513187
0.040106
0.097124
0.013161
0.001124
0.000906
2.319193
0.114305
0.001226
0.003654
0.004543
3.509767
1.886112
0.649252
0.001220
0.178872
4.434168
0.001076
0.046406
0.077551
0.000978
0.000955
0.001113
0.000754
0.000910
0.034920
0.001583
3.882274
