0.001271
0.000788
0.003715
3.175283
0.092053
0.000628
0.000926
0.001279
0.001274
0.051083
0.001004
0.000653
0.000500
0.000760
0.000910
0.001240
0.000485
0.001060
0.017021
0.000505
0.045298
0.000725
0.003927
0.000790
0.092606
0.148243
0.001383
1.161813
0.012724
0.001250
0.000803
0.000791
0.009549
0.074486
0.000869
0.030631
1.296423
0.000696
0.001167
0.001469
0.000894
0.001368
0.038256
0.000708
0.000713
0.029834
0.001382
0.000775
0.000518
0.001168
0.037069
0.001211
0.000978
0.000578
0.001051
0.001143
0.786066
0.000899
0.055736
0.000617
0.065953
0.001586
0.013700
0.001139
0.000518
0.000916
0.029101
0.001485
0.001075
0.001338
0.000844
0.318207
0.021037
0.001581
0.004730
0.000715
0.000619
0.001195
0.000770
0.000608
0.000711
0.001491
0.099060
0.000892
0.001460
0.000681
0.000739
0.095645
0.001769
3.886609
0.001000
0.001344
0.000793
4.839601
0.000988
0.000721
2.962085
0.001254
0.001095
0.001009
0.001143
0.001305
0.000888
0.001131
0.001029
0.000961
0.001376
0.001505
3.681001
0.000866
3.529258
2.869444
2.353238
0.000647
0.002233
0.007440
0.000784
0.001164
0.000975
0.025296
2.172878
4.564130
0.000730
0.000726
0.001263
0.000825
0.002462
0.000978
0.000787
0.000893
0.001547
0.001538
2.079906
0.001175
0.001131
0.000633
0.000794
0.001416
0.109853
0.001241
0.001333
0.000914
0.001077
0.001565
0.000629
0.001174
0.001127
0.000804
0.001062
0.000591
0.001033
0.001353
0.001251
0.001101
0.001111
0.001175
0.001270
0.000890
0.000605
0.000952
0.000797
0.000726
0.000842
0.001125
0.000916
0.001107
3.189759
0.000900
0.001291
0.000839
0.000798
0.001216
0.000718
0.000946
3.359982
0.000821
0.000997
2.570248
0.000708
2.907606
0.000789
0.007025
0.000685
0.000908
0.072819
0.001140
0.001015
0.001028
10.068912
0.001817
0.001877
0.001590
0.001475
0.000843
0.003093
0.001000
0.001102
0.001148
0.001321
0.001021
0.001227
0.000890
0.001122
3.299577
0.001095
0.000731
0.053024
0.000845
0.002852
0.000844
0.000861
0.001481
0.000996
0.001219
0.000711
0.001304
0.113109
0.000877
4.535571
0.001646
0.000922
0.000931
0.001281
0.109463
0.001488
0.000864
1.317514
0.001025
0.000894
0.000614
0.001640
0.001063
0.001313
0.001439
1.166289
0.001080
0.001050
0.010454
0.001064
0.001114
0.001005
0.000670
0.001971
2.684005
0.001017
0.001499
0.137652
0.000981
0.001093
0.001070
0.001042
0.000768
0.001045
0.000925
0.000983
0.001085
0.000848
0.001648
0.000884
0.000785
2.137311
0.000901
0.001133
0.000899
0.001742
0.000704
0.000764
0.000631
0.000579
0.000607
0.000645
2.175903
2.913824
0.001792
0.000858
0.000746
1.065465
0.017762
0.000830
2.302209
0.098196
1.718470
0.001195
0.001783
0.054049
0.000867
0.034108
0.000756
0.167594
0.001276
0.081880
0.001370
0.001503
0.001395
0.019001
0.000931
0.000832
0.001838
0.000856
0.000791
0.000402
0.000878
0.000801
0.000582
0.000729
0.467384
0.000550
0.001127
0.110648
0.000609
0.001462
0.000902
0.001868
0.000540
0.048886
0.000585
0.000546
0.001255
0.000469
0.046898
0.000344
0.086724
0.000802
0.009986
0.000726
0.025931
0.003407
0.000508
0.002686
0.063878
0.000566
0.000459
0.000878
0.000846
0.000663
0.001225
0.001230
0.001071
0.001260
0.000709
0.000736
0.000679
0.000813
0.000789
0.001918
0.000598
0.001131
0.000688
0.000980
0.000393
0.039391
0.000833
0.031453
0.001049
0.000642
0.000971
0.000732
0.000738
0.000732
0.001041
0.001089
0.000682
0.001149
0.000710
0.000726
0.000768
0.001149
0.026212
0.023643
0.000808
0.000721
0.085166
0.001124
0.000782
0.001034
0.014196
0.002203
0.000917
0.006716
0.001125
0.000783
0.000838
0.000631
0.037245
0.054309
0.001849
0.001355
0.001070
0.044234
0.176134
0.041779
0.000787
0.008058
0.001067
0.001703
0.021727
0.001630
0.112889
0.001900
0.000785
0.002501
0.001005
0.013657
0.003270
0.000604
0.037320
0.001344
0.001185
0.001096
0.000807
0.000727
0.000643
0.045136
0.000638
0.000820
0.019055
0.001676
0.000829
0.000843
