0.000894
0.025433
0.000826
0.001213
0.000904
0.000660
0.001355
0.001106
0.019875
0.001346
0.000835
0.001193
0.000916
0.000611
0.000928
3.417207
0.001008
0.012502
2.861019
0.001051
0.000929
0.000647
0.000906
0.000595
0.001772
0.093827
0.000794
0.001488
0.000568
0.001463
0.002340
0.021158
0.000690
0.001573
0.000767
0.411588
0.001090
0.000558
0.001101
0.000757
0.001037
0.000830
0.000933
0.000570
0.001605
0.251519
0.001013
0.001174
0.001837
1.482309
0.000860
0.003628
0.000944
0.001235
0.000734
0.082636
0.005217
0.001156
0.000927
0.000858
0.000989
0.000783
0.000772
0.000919
0.060795
0.000980
0.000798
0.001210
0.000974
0.783618
3.158392
0.002352
0.003020
0.001130
0.016699
0.001229
0.106879
0.001241
0.098859
0.001104
0.001817
0.000800
1.712527
0.000871
2.137137
1.889065
2.067626
0.000674
0.000849
0.000734
0.000872
0.001160
0.215740
0.000815
0.000634
0.001336
0.000718
0.001482
0.007226
0.000919
