897
0.002817
7.585989e-04
2.809626e-04
2.809626e-04
1.442798e-03
4.003717e-04
2.809626e-04
2.809626e-04
2.809626e-04
5.197808e-04
1.787068e-03
5.197808e-04
7.585989e-04
4.003717e-04
6.714829e-04
2.809626e-04
2.809626e-04
2.809626e-04
5.197808e-04
7.585989e-04
2.809626e-04
2.809626e-04
5.197808e-04
1.873084e-03
2.669144e-03
2.809626e-04
1.873084e-03
1.873084e-03
2.809626e-04
1.355644e-03
2.809626e-04
2.809626e-04
2.809626e-04
3.605686e-04
2.809626e-04
2.809626e-04
1.873084e-03
1.873084e-03
2.809626e-04
2.809626e-04
2.809626e-04
5.197808e-04
2.809626e-04
5.197808e-04
2.809626e-04
2.809626e-04
2.809626e-04
2.809626e-04
1.873084e-03
5.197808e-04
1.642226e-03
2.809626e-04
2.809626e-04
2.809626e-04
2.809626e-04
4.003717e-04
4.003717e-04
2.809626e-04
2.809626e-04
4.003717e-04
4.003717e-04
2.809626e-04
5.197808e-04
2.809626e-04
7.585989e-04
2.809626e-04
2.809626e-04
6.391899e-04
2.809626e-04
3.605686e-04
2.809626e-04
4.886306e-04
5.197808e-04
2.809626e-04
5.197808e-04
2.809626e-04
7.585989e-04
1.873084e-03
1.873084e-03
7.585989e-04
1.647668e-03
2.809626e-04
2.809626e-04
2.809626e-04
2.809626e-04
2.809626e-04
2.809626e-04
2.809626e-04
2.809626e-04
2.809626e-04
2.809626e-04
1.873084e-03
2.809626e-04
1.873084e-03
5.197808e-04
2.809626e-04
2.809626e-04
2.604633e-03
1.873084e-03
5.197808e-04
4.003717e-04
7.048649e-04
1.873084e-03
2.809626e-04
1.873084e-03
2.809626e-04
1.873084e-03
1.873084e-03
5.197808e-04
9.974171e-04
2.669144e-03
1.873084e-03
2.809626e-04
4.003717e-04
5.057326e-03
2.809626e-04
2.809626e-04
1.873084e-03
2.809626e-04
2.809626e-04
5.197808e-04
2.809626e-04
3.605686e-04
2.809626e-04
2.809626e-04
5.197808e-04
2.809626e-04
7.227762e-04
1.873084e-03
1.873084e-03
2.809626e-04
1.873084e-03
3.605686e-04
1.027269e-03
7.585989e-04
5.197808e-04
4.003717e-04
1.873084e-03
2.809626e-04
2.809626e-04
2.604633e-03
2.809626e-04
2.809626e-04
2.809626e-04
3.605686e-04
5.197808e-04
2.809626e-04
2.733656e-03
2.809626e-04
5.197808e-04
5.197808e-04
5.197808e-04
4.886306e-04
2.809626e-04
2.809626e-04
2.809626e-04
2.809626e-04
1.873084e-03
7.585989e-04
2.809626e-04
4.003717e-04
1.873084e-03
7.585989e-04
2.669144e-03
1.873084e-03
1.873084e-03
5.197808e-04
2.809626e-04
2.809626e-04
2.809626e-04
1.873084e-03
2.809626e-04
2.809626e-04
2.809626e-04
2.809626e-04
2.809626e-04
5.197808e-04
2.809626e-04
2.809626e-04
5.197808e-04
1.873084e-03
5.197808e-04
5.197808e-04
2.809626e-04
2.809626e-04
5.197808e-04
1.228566e-03
2.809626e-04
1.873084e-03
9.974171e-04
1.873084e-03
2.809626e-04
2.809626e-04
1.873084e-03
1.873084e-03
4.003717e-04
2.809626e-04
1.873084e-03
1.873084e-03
2.809626e-04
2.809626e-04
1.873084e-03
1.873084e-03
1.873084e-03
2.733656e-03
1.873084e-03
1.873084e-03
1.873084e-03
6.391899e-04
1.873084e-03
2.809626e-04
1.873084e-03
1.873084e-03
1.442798e-03
1.873084e-03
1.873084e-03
1.873084e-03
5.197808e-04
1.873084e-03
1.873084e-03
1.873084e-03
2.809626e-04
1.873084e-03
1.873084e-03
2.809626e-04
6.047273e-04
4.886306e-04
4.003717e-04
1.873084e-03
5.197808e-04
1.873084e-03
1.873084e-03
5.197808e-04
5.197808e-04
5.613464e-04
1.873084e-03
1.873084e-03
1.873084e-03
1.873084e-03
1.873084e-03
1.873084e-03
1.873084e-03
1.873084e-03
5.197808e-04
2.733656e-03
1.873084e-03
2.809626e-04
1.873084e-03
1.873084e-03
7.585989e-04
1.873084e-03
1.873084e-03
1.873084e-03
5.197808e-04
1.873084e-03
5.197808e-04
1.873084e-03
5.197808e-04
7.585989e-04
2.809626e-04
1.873084e-03
1.873084e-03
1.873084e-03
1.873084e-03
5.197808e-04
1.873084e-03
1.873084e-03
1.873084e-03
1.873084e-03
1.873084e-03
1.873084e-03
1.873084e-03
1.873084e-03
1.873084e-03
4.003717e-04
2.809626e-04
1.873084e-03
1.873084e-03
1.873084e-03
1.873084e-03
1.873084e-03
4.003717e-04
5.197808e-04
1.873084e-03
1.873084e-03
1.873084e-03
1.873084e-03
1.873084e-03
1.873084e-03
1.873084e-03
1.873084e-03
1.873084e-03
1.038491e-03
2.809626e-04
1.873084e-03
2.809626e-04
1.873084e-03
1.873084e-03
2.809626e-04
1.873084e-03
4.003717e-04
5.197808e-04
2.809626e-04
1.873084e-03
1.873084e-03
2.669144e-03
1.873084e-03
1.873084e-03
5.197808e-04
2.809626e-04
1.873084e-03
1.873084e-03
1.873084e-03
1.873084e-03
1.873084e-03
1.873084e-03
1.873084e-03
4.003717e-04
1.873084e-03
1.873084e-03
1.873084e-03
1.873084e-03
1.873084e-03
1.873084e-03
2.809626e-04
1.873084e-03
1.873084e-03
1.873084e-03
1.873084e-03
1.873084e-03
2.347927e-03
2.809626e-04
1.873084e-03
1.873084e-03
5.197808e-04
1.873084e-03
2.809626e-04
1.873084e-03
1.873084e-03
1.873084e-03
1.873084e-03
2.809626e-04
8.780080e-04
2.809626e-04
2.809626e-04
1.873084e-03
2.809626e-04
1.873084e-03
1.873084e-03
4.886306e-04
1.873084e-03
1.873084e-03
1.873084e-03
1.873084e-03
1.873084e-03
1.873084e-03
1.873084e-03
2.809626e-04
1.873084e-03
1.475054e-03
2.809626e-04
1.873084e-03
1.873084e-03
2.809626e-04
8.564873e-04
2.809626e-04
2.809626e-04
1.873084e-03
2.809626e-04
2.809626e-04
1.873084e-03
1.873084e-03
8.953224e-04
1.873084e-03
1.873084e-03
1.873084e-03
2.809626e-04
1.873084e-03
1.873084e-03
2.809626e-04
2.809626e-04
1.873084e-03
1.873084e-03
7.585989e-04
1.442798e-03
1.873084e-03
1.873084e-03
2.809626e-04
1.873084e-03
1.873084e-03
1.873084e-03
4.886306e-04
1.873084e-03
1.873084e-03
1.873084e-03
1.873084e-03
1.873084e-03
1.873084e-03
1.873084e-03
1.873084e-03
1.873084e-03
5.197808e-04
5.197808e-04
1.873084e-03
2.809626e-04
5.197808e-04
1.873084e-03
1.873084e-03
5.197808e-04
1.873084e-03
1.873084e-03
1.873084e-03
1.873084e-03
1.314445e-03
2.669144e-03
1.873084e-03
2.809626e-04
2.809626e-04
7.585989e-04
7.227762e-04
2.809626e-04
2.809626e-04
1.236235e-03
1.098599e-02
1.873084e-03
2.809626e-04
5.197808e-04
1.873084e-03
2.809626e-04
3.605686e-04
5.197808e-04
2.809626e-04
2.809626e-04
5.197808e-04
2.809626e-04
2.809626e-04
1.873084e-03
1.873084e-03
7.227762e-04
1.873084e-03
4.886306e-04
5.197808e-04
2.809626e-04
4.003717e-04
5.197808e-04
2.809626e-04
2.809626e-04
1.873084e-03
2.809626e-04
2.809626e-04
2.809626e-04
2.809626e-04
2.809626e-04
2.809626e-04
2.809626e-04
1.873084e-03
2.809626e-04
1.873084e-03
5.197808e-04
2.809626e-04
1.873084e-03
1.873084e-03
2.809626e-04
5.197808e-04
2.431723e-03
1.873084e-03
2.809626e-04
2.809626e-04
2.809626e-04
2.809626e-04
1.873084e-03
5.315374e-03
7.585989e-04
7.585989e-04
1.873084e-03
2.809626e-04
1.873084e-03
2.809626e-04
2.809626e-04
2.809626e-04
4.003717e-04
4.003717e-04
7.227762e-04
1.236235e-03
1.873084e-03
1.873084e-03
2.809626e-04
2.809626e-04
1.873084e-03
2.809626e-04
2.809626e-04
1.873084e-03
1.442798e-03
2.809626e-04
2.809626e-04
2.809626e-04
2.809626e-04
5.197808e-04
9.974171e-04
2.809626e-04
1.873084e-03
5.197808e-04
4.003717e-04
6.670520e-04
2.809626e-04
2.809626e-04
1.873084e-03
1.236235e-03
1.873084e-03
1.873084e-03
1.873084e-03
2.809626e-04
2.809626e-04
2.809626e-04
5.197808e-04
2.809626e-04
6.212785e-04
5.197808e-04
3.605686e-04
2.733656e-03
2.809626e-04
1.873084e-03
2.809626e-04
2.809626e-04
2.809626e-04
2.809626e-04
1.787068e-03
1.873084e-03
9.974171e-04
2.066907e-03
7.272365e-03
2.809626e-04
5.197808e-04
6.268050e-04
2.809626e-04
2.809626e-04
2.809626e-04
2.809626e-04
4.003717e-04
2.809626e-04
2.809626e-04
2.809626e-04
2.809626e-04
1.873084e-03
1.873084e-03
2.809626e-04
2.809626e-04
5.197808e-04
4.003717e-04
2.809626e-04
3.605686e-04
7.585989e-04
4.003717e-04
2.809626e-04
2.809626e-04
5.197808e-04
2.809626e-04
5.197808e-04
2.809626e-04
5.613464e-04
2.809626e-04
2.809626e-04
3.437516e-03
2.809626e-04
1.873084e-03
5.197808e-04
5.197808e-04
2.809626e-04
2.809626e-04
2.809626e-04
2.809626e-04
1.873084e-03
1.873084e-03
1.873084e-03
2.809626e-04
2.809626e-04
2.809626e-04
1.873084e-03
1.873084e-03
5.197808e-04
5.057326e-03
1.873084e-03
2.809626e-04
5.197808e-04
5.197808e-04
1.873084e-03
2.809626e-04
5.197808e-04
2.809626e-04
2.809626e-04
5.197808e-04
5.197808e-04
2.733656e-03
5.197808e-04
2.809626e-04
2.809626e-04
2.809626e-04
7.585989e-04
2.809626e-04
2.809626e-04
5.197808e-04
5.197808e-04
5.197808e-04
5.197808e-04
2.809626e-04
5.197808e-04
2.809626e-04
2.809626e-04
2.809626e-04
1.873084e-03
2.809626e-04
1.873084e-03
3.605686e-04
1.873084e-03
5.197808e-04
2.809626e-04
2.809626e-04
2.809626e-04
1.873084e-03
2.809626e-04
5.197808e-04
2.809626e-04
2.809626e-04
1.873084e-03
2.809626e-04
2.809626e-04
5.197808e-04
2.809626e-04
5.197808e-04
2.809626e-04
2.809626e-04
2.809626e-04
2.809626e-04
2.809626e-04
2.809626e-04
5.197808e-04
5.197808e-04
4.003717e-04
1.873084e-03
8.953224e-04
2.669144e-03
2.809626e-04
2.809626e-04
2.809626e-04
5.197808e-04
2.809626e-04
5.197808e-04
1.873084e-03
2.809626e-04
2.809626e-04
4.003717e-04
2.809626e-04
2.809626e-04
1.873084e-03
6.268050e-04
2.809626e-04
4.886306e-04
4.629661e-04
2.809626e-04
5.197808e-04
2.809626e-04
1.236235e-03
1.873084e-03
7.048649e-04
2.809626e-04
2.809626e-04
2.809626e-04
1.873084e-03
2.809626e-04
2.809626e-04
4.003717e-04
5.197808e-04
8.137468e-04
2.809626e-04
7.585989e-04
1.873084e-03
2.809626e-04
2.809626e-04
4.003717e-04
2.809626e-04
2.809626e-04
2.809626e-04
1.873084e-03
2.809626e-04
5.197808e-04
1.873084e-03
3.605686e-04
1.873084e-03
1.873084e-03
2.809626e-04
1.873084e-03
1.873084e-03
1.873084e-03
1.873084e-03
1.873084e-03
1.873084e-03
4.003717e-04
2.809626e-04
1.873084e-03
1.873084e-03
1.873084e-03
1.873084e-03
7.585989e-04
1.873084e-03
1.873084e-03
1.873084e-03
1.873084e-03
4.886306e-04
1.873084e-03
1.873084e-03
2.809626e-04
7.585989e-04
1.873084e-03
1.873084e-03
1.873084e-03
1.873084e-03
1.873084e-03
2.809626e-04
1.873084e-03
5.197808e-04
1.873084e-03
1.873084e-03
1.442798e-03
2.809626e-04
5.197808e-04
1.873084e-03
7.585989e-04
1.873084e-03
1.873084e-03
1.873084e-03
2.809626e-04
1.873084e-03
2.809626e-04
1.873084e-03
2.809626e-04
1.873084e-03
2.809626e-04
1.873084e-03
2.809626e-04
2.809626e-04
1.873084e-03
1.873084e-03
1.873084e-03
4.886306e-04
1.873084e-03
1.873084e-03
1.873084e-03
2.809626e-04
1.873084e-03
1.873084e-03
1.873084e-03
1.873084e-03
1.873084e-03
2.809626e-04
4.712161e-04
2.809626e-04
1.873084e-03
1.873084e-03
1.873084e-03
2.809626e-04
1.873084e-03
1.873084e-03
1.873084e-03
1.873084e-03
1.873084e-03
1.873084e-03
2.809626e-04
1.873084e-03
1.873084e-03
2.809626e-04
1.873084e-03
4.003717e-04
1.873084e-03
2.809626e-04
1.873084e-03
1.873084e-03
1.873084e-03
1.873084e-03
1.873084e-03
1.873084e-03
1.873084e-03
1.873084e-03
1.873084e-03
1.873084e-03
1.873084e-03
1.873084e-03
2.809626e-04
1.873084e-03
2.809626e-04
1.873084e-03
2.669144e-03
1.873084e-03
1.873084e-03
1.873084e-03
1.873084e-03
1.873084e-03
5.197808e-04
1.873084e-03
1.873084e-03
2.809626e-04
1.873084e-03
1.873084e-03
1.873084e-03
1.873084e-03
1.873084e-03
1.873084e-03
1.873084e-03
1.873084e-03
1.873084e-03
1.873084e-03
1.873084e-03
1.873084e-03
1.787068e-03
2.809626e-04
2.809626e-04
1.873084e-03
1.873084e-03
1.873084e-03
2.669144e-03
1.873084e-03
1.873084e-03
5.197808e-04
2.809626e-04
2.809626e-04
1.873084e-03
1.873084e-03
1.873084e-03
1.873084e-03
1.873084e-03
1.873084e-03
1.873084e-03
1.873084e-03
1.873084e-03
2.809626e-04
1.873084e-03
8.617364e-04
5.197808e-04
2.809626e-04
1.873084e-03
1.873084e-03
1.873084e-03
5.197808e-04
1.873084e-03
1.873084e-03
2.809626e-04
2.809626e-04
1.873084e-03
1.873084e-03
5.197808e-04
1.873084e-03
1.873084e-03
1.873084e-03
1.873084e-03
2.809626e-04
2.809626e-04
1.873084e-03
2.809626e-04
2.809626e-04
1.873084e-03
1.873084e-03
1.873084e-03
2.809626e-04
5.197808e-04
4.886306e-04
1.873084e-03
1.873084e-03
1.873084e-03
1.873084e-03
1.873084e-03
1.873084e-03
2.809626e-04
1.873084e-03
1.873084e-03
1.873084e-03
1.873084e-03
1.873084e-03
3.215778e-03
1.873084e-03
1.873084e-03
1.873084e-03
1.873084e-03
1.873084e-03
1.442798e-03
1.873084e-03
1.873084e-03
1.873084e-03
1.873084e-03
1.873084e-03
1.873084e-03
1.873084e-03
1.873084e-03
1.873084e-03
1.873084e-03
1.873084e-03
2.809626e-04
2.809626e-04
1.873084e-03
1.114827e-03
