Script started on Mon 13 Feb 2017 10:29:03 AM MST
socket has been created
2211.742052
2367.526876
4708.667344
2744.782701
788.276685
2467.056139
808.811790
5251.338625
11980.367988
2455.755265
2078.962293
5372.284988
11853.554433
2677.485883
5848.853013
2560.594975
852.515239
833.797117
5944.385766
2314.258075
844.237750
2039.384166
12239.918550
2344.883670
6088.404639
973.346083
12033.459934
5090.127486
5061.728935
779.793776
5403.771621
960.101005
781.425361
797.241124
13150.098506
2654.567961
2780.492850
1928.730795
4837.703046
891.304965
985.971288
4818.894607
736.245063
911.762179
907.561982
5303.556697
25538.367808
811.808227
854.404443
866.949951
6283.770635
845.678013
1958.584258
5518.939956
837.938862
4295.860424
5126.816429
13102.076543
11718.319458
967.668342
5306.668396
2155.396430
2463.328709
826.485926
2199.681141
12844.443769
888.661337
5643.469537
27503.658337
12774.217470
795.552908
2317.020222
5401.731342
2284.072353
5815.432325
2069.508058
2298.151115
766.771233
2288.852707
5303.796118
4285.850722
826.943869
1863.145708
4668.574967
6320.471673
846.368052
2306.804802
1835.223848
2482.471916
863.157629
5679.806710
2754.506719
5512.468970
2450.043195
5798.016428
5855.740024
874.342297
2216.814894
1005.771763
834.722207
Script done on Mon 13 Feb 2017 10:48:06 AM MST
