0.003462
0.176115
0.000817
0.463741
0.017565
0.001252
0.000839
0.295364
0.018810
0.000802
0.000870
0.195192
4.875241
0.130761
1.662190
0.015980
0.042116
0.050616
0.000782
1.255907
0.000982
0.001076
0.000559
0.001648
3.273910
3.671808
0.002166
0.000603
0.453364
0.000851
0.000773
0.003613
0.011748
0.002676
0.001622
0.000695
6.512362
0.018067
0.001418
0.122894
0.000967
0.147524
0.627343
0.001079
0.000745
0.413486
0.012615
0.402850
0.000831
0.019761
0.000894
0.000744
0.037163
0.000819
0.002378
0.234155
0.153682
0.000821
0.758092
0.000677
0.000674
0.622746
0.000963
0.034149
0.000802
0.001596
1.409757
0.472196
1.597696
0.000699
0.003988
0.005283
0.091141
0.726854
0.126346
0.000697
0.001281
0.000839
0.106356
0.167078
0.000822
0.001000
0.132607
0.000812
0.202658
0.037472
1.573350
0.002005
2.724892
0.001375
0.936788
1.415817
0.001235
0.002229
0.001657
0.000929
0.000928
0.002134
0.000849
