1.673128
0.000678
0.031799
0.000712
4.897162
0.059037
0.067393
0.008121
3.003676
0.770849
0.103542
0.000646
0.032867
0.001837
0.522274
2.622943
0.000589
0.000793
0.000941
0.058037
0.006507
0.000593
3.525139
0.011030
4.530902
0.012119
0.000827
0.021124
0.001070
0.000674
0.000708
0.789837
0.000675
0.507549
0.000789
0.065848
0.000605
0.000499
0.003914
0.001004
0.000767
0.019771
0.035543
0.108951
0.001453
0.000803
3.033371
0.001545
0.000713
0.007030
0.000656
0.000752
0.001189
0.000507
0.019761
0.303995
0.137801
3.270230
0.055116
0.000533
1.323350
0.000872
0.000506
0.000604
0.001549
5.071711
0.342026
0.000714
0.176392
4.577738
0.000596
0.001104
0.000921
1.143637
0.013947
0.000717
0.000992
0.019789
0.097601
0.042916
0.001709
0.024480
0.000634
0.000596
0.000702
0.000676
0.002576
0.001352
0.000732
0.000629
0.009781
0.000789
0.000687
0.001070
0.122494
0.010638
0.000542
0.001646
0.000864
0.045626
