0.004234
1.720289
0.001003
0.014605
0.001479
0.000480
0.016344
0.002238
0.000773
0.000999
0.000542
0.001292
0.017459
0.002271
3.488764
0.007462
0.001392
0.059592
3.508954
3.227909
0.000686
1.046470
0.009702
0.001838
0.000993
0.000706
0.000876
0.001569
0.000875
0.063611
0.001297
0.001082
0.690413
0.042633
0.049694
0.002258
0.014112
0.001023
0.210669
0.000595
0.020025
2.918231
0.001022
0.001067
0.000911
0.000824
4.041464
0.001014
0.001506
0.931325
0.011823
0.000879
0.001402
0.038772
0.096388
0.001347
0.000996
0.014193
0.001227
0.010782
0.000875
0.001158
0.152325
0.000712
0.938913
0.000788
0.015330
0.000954
0.001064
0.007859
2.564658
2.118902
0.000751
0.012994
0.000762
2.190878
0.001801
0.001040
0.073858
0.128114
0.066452
0.000732
0.042086
0.001129
0.830621
0.036125
0.038087
0.000754
2.761655
3.810182
0.000880
3.138952
0.000843
0.000622
3.384775
0.292524
0.004882
0.064121
0.005981
0.001304
