0.171661
0.001199
0.000858
0.000901
0.006944
0.001049
0.000865
0.001897
0.002477
0.000976
0.006542
0.000736
0.001397
0.000806
0.000929
0.000632
0.002844
0.000981
0.001094
0.004181
0.000902
0.000939
0.000831
0.000694
0.001109
0.010020
0.001442
0.053718
0.000690
0.230211
0.001262
0.001215
0.106906
0.001425
0.000910
0.000769
0.001204
0.002445
0.000983
0.000845
0.002200
0.000685
0.000530
0.000458
0.000796
4.052536
1.358509
0.000616
0.002638
0.148791
0.126585
0.452854
0.000868
0.002877
0.003068
0.001280
0.151249
0.001287
1.894780
2.644708
0.001132
0.001244
0.002262
0.001447
0.000995
0.000691
0.000759
0.001357
0.166031
0.004470
0.024903
0.725530
0.009758
0.001291
1.934059
0.072869
0.001314
0.001549
1.871310
0.000565
0.001837
0.029576
0.070949
0.001698
0.056560
0.001070
0.000865
0.001396
0.001043
0.000920
0.001555
0.098521
0.054675
0.000649
0.001132
0.001426
0.001065
0.001730
0.049818
0.001124
