0.000745
0.001006
0.000282
0.000499
0.000580
0.000708
0.000633
0.000791
0.001468
0.000733
0.031613
2.716385
0.000960
1.802990
0.001554
0.000980
0.001100
0.027106
0.029332
0.001165
1.972881
0.000793
0.149796
1.115262
0.001317
0.000806
0.000589
0.000721
0.136645
0.001151
0.000881
0.000889
0.002095
0.004775
0.006575
0.506838
2.672489
0.350210
0.001207
0.001119
0.022142
0.001016
1.934175
0.011310
0.013864
0.000744
0.000803
0.000706
0.000725
0.000682
0.001122
0.000707
0.000608
0.001168
0.001204
0.000473
0.458995
0.001070
0.000432
0.007802
0.001023
0.002968
0.001170
0.009358
0.000828
0.000838
0.000653
0.002203
0.000779
0.001132
0.000988
0.001158
2.832512
0.001012
0.001623
0.000701
0.030352
0.001743
0.000561
0.000624
0.000790
0.000979
0.030704
0.122686
0.001048
0.000788
0.042153
0.000571
0.001627
0.032549
0.001406
0.036251
1.921912
0.000642
0.504843
0.000946
0.000822
0.000769
0.000645
0.000696
0.000627
0.001151
0.000861
0.001006
0.000631
0.002596
0.013751
0.000668
0.000638
0.000600
0.001097
0.788715
0.011019
0.000930
0.775281
0.000777
0.002645
0.000856
0.001377
0.000986
0.000783
0.058193
0.176314
0.824241
0.000744
0.000978
0.000781
0.001079
0.000807
0.006905
0.310927
0.000728
2.055862
0.000567
0.000832
0.000613
0.000584
0.001027
0.093690
0.001445
0.025786
0.098524
0.001162
0.002059
0.001171
0.001077
0.005598
0.000526
0.040988
0.000745
0.001278
0.000984
4.139276
0.001194
0.000705
0.001204
0.000546
0.000721
0.047433
0.002690
0.001105
0.000921
0.000814
0.000716
0.000546
0.027740
0.000855
0.000984
0.090372
0.044842
0.025682
0.001052
0.001712
0.000640
0.190699
0.000700
0.002511
0.000553
0.020566
0.001689
0.000624
0.016222
0.019522
0.008543
0.020001
0.001200
0.214654
0.001766
0.002006
1.619394
0.000574
0.000733
0.000890
0.082116
0.000651
0.001554
0.001120
0.002258
0.000380
0.000897
0.000721
0.000658
0.000484
0.000625
0.001143
