Script started on Mon 13 Feb 2017 10:54:08 AM MST
socket has been created
12723.887007
5639.693954
880.498514
2281.770060
^C
Script done on Mon 13 Feb 2017 10:57:12 AM MST
3.223048
1.018684
7.036534
3.020745
7.022470
3.222841
3.222041
7.228996
1.014644
3.232741
3.221547
1.217211
3.015152
1.023356
1.023263
3.023832
3.017779
1.017899
15.035630
7.235828
1.025327
3.429344
3.222962
1.018927
1.426582
3.223520
3.023657
1.020951
3.022042
3.021895
3.024551
3.234708
7.239903
7.026986
63.119438
1.019901
3.443064
3.462979
1.020802
15.045730
15.045126
7.034622
1.216891
3.023806
